000001
0
000002
0
000003
0
000004
0
000005
0
000006
0
000007
0
000008
0
000009
0
000010
0
000011
0
000012
0
000013
0
000014
0
000015
0
000016
0
000017
0
000018
0
000019
0
000020
0
000021
0
000022
0
000023
0
000024
0
000025
0
000026
0
000027
0
000028
0
000029
0
000030
0
000031
0
000032
0
000033
0
000034
0
000035
0
000036
0
000037
0
000038
0
000039
0
000040
0
000041
0
000042
0
000043
0
000044
0
000045
0
000046
0
000047
0
000048
0
000049
0
000050
0
000051
0
000052
0
000053
0
000054
1
000055
1
000056
1
000057
1
000058
1
000059
1
000060
1
000061
1
000062
1
000063
1
000064
1
000065
1
000066
1
000067
1
000068
1
000069
1
000070
1
000071
1
000072
1
000073
1
000074
1
000075
1
000076
1
000077
1
000078
1
000079
3
000080
3
000081
3
000082
3
000083
3
000084
3
000085
3
000086
3
000087
3
000088
3
000089
3
000090
3
000091
4
000092
4
000093
4
000094
4
000095
4
000096
4
000097
4
000098
4
000099
4
000100
4
000101
4
000102
2
000103
2
000104
2
000105
2
000106
2
000107
2
000108
2
000109
2
000110
2
000111
2
000112
2
000113
2
000114
2
000115
2
000116
0
000117
0
000118
0
000119
0
000120
0
000121
0
000122
0
000123
0
000124
0
000125
0
000126
0
000127
0
000128
0
000129
0
000130
0
000131
0
000132
0
000133
0
000134
0
000135
0
000136
0
000137
0
000138
0
000139
0
000140
0
000141
0
000142
0
000143
0
000144
0
000145
0
000146
0
000147
0
000148
0
000149
0
000150
0
000151
0
000152
0
000153
0
000154
0
000155
0
000156
0
000157
0
000158
0
000159
0
000160
0
000161
0
000162
0
000163
0
000164
0
000165
0
000166
0
000167
0
000168
0
000169
0
000170
0
000171
0
000172
0
000173
0
000174
0
000175
0
000176
0
000177
0
000178
0
000179
0
000180
0
000181
0
000182
0
000183
0
000184
0
000185
1
000186
1
000187
1
000188
1
000189
1
000190
1
000191
1
000192
1
000193
1
000194
1
000195
1
000196
1
000197
1
000198
1
000199
1
000200
1
000201
1
000202
1
000203
1
000204
1
000205
1
000206
1
000207
1
000208
1
000209
3
000210
3
000211
3
000212
3
000213
3
000214
3
000215
3
000216
3
000217
3
000218
3
000219
3
000220
3
000221
3
000222
3
000223
4
000224
4
000225
4
000226
4
000227
4
000228
4
000229
4
000230
4
000231
4
000232
4
000233
4
000234
4
000235
4
000236
4
000237
4
000238
4
000239
4
000240
4
000241
4
000242
4
000243
4
000244
4
000245
4
000246
2
000247
2
000248
2
000249
2
000250
2
000251
2
000252
2
000253
2
000254
2
000255
2
000256
2
000257
2
000258
2
000259
2
000260
2
000261
2
000262
2
000263
2
000264
2
000265
6
000266
6
000267
6
000268
6
000269
6
000270
6
000271
6
000272
6
000273
6
000274
6
000275
6
000276
6
000277
6
000278
6
000279
6
000280
6
000281
6
000282
6
000283
6
000284
6
000285
6
000286
6
000287
6
000288
6
000289
6
000290
6
000291
6
000292
6
000293
6
000294
6
000295
5
000296
5
000297
5
000298
5
000299
5
000300
5
000301
5
000302
5
000303
5
000304
5
000305
5
000306
5
000307
5
000308
5
000309
5
000310
5
000311
5
000312
2
000313
2
000314
2
000315
2
000316
2
000317
2
000318
2
000319
2
000320
2
000321
2
000322
2
000323
2
000324
2
000325
2
000326
2
000327
2
000328
2
000329
2
000330
2
000331
2
000332
2
000333
2
000334
2
000335
0
000336
0
000337
0
000338
0
000339
0
000340
0
000341
0
000342
0
000343
0
000344
0
000345
0
000346
0
000347
0
000348
0
000349
0
000350
0
000351
0
000352
0
000353
0
000354
0
000355
0
000356
0
000357
0
000358
0
000359
3
000360
3
000361
3
000362
3
000363
3
000364
3
000365
3
000366
3
000367
3
000368
3
000369
3
000370
3
000371
3
000372
3
000373
3
000374
3
000375
1
000376
1
000377
1
000378
1
000379
1
000380
1
000381
1
000382
1
000383
1
000384
1
000385
1
000386
1
000387
1
000388
1
000389
1
000390
1
000391
1
000392
1
000393
0
000394
0
000395
0
000396
0
000397
0
000398
0
000399
0
000400
0
000401
0
000402
0
000403
0
000404
0
000405
0
000406
0
000407
0
000408
0
000409
0
000410
0
000411
0
000412
0
000413
0
000414
0
000415
0
000416
0
000417
0
000418
0
000419
0
000420
0
000421
0
000422
0
000423
0
000424
0
000425
0
000426
0
000427
0
000428
0
000429
4
000430
4
000431
4
000432
4
000433
4
000434
4
000435
4
000436
4
000437
4
000438
4
000439
4
000440
4
000441
4
000442
4
000443
4
000444
4
000445
4
000446
1
000447
1
000448
1
000449
1
000450
1
000451
1
000452
1
000453
1
000454
1
000455
1
000456
1
000457
1
000458
4
000459
4
000460
4
000461
4
000462
4
000463
4
000464
0
000465
0
000466
0
000467
0
000468
0
000469
0
000470
0
000471
0
000472
0
000473
0
000474
0
000475
0
000476
0
000477
0
000478
0
000479
0
000480
0
000481
0
000482
0
000483
0
000484
0
000485
0
000486
0
000487
0
000488
0
000489
0
000490
0
000491
0
000492
0
000493
0
000494
0
000495
0
000496
0
000497
0
000498
0
000499
0
000500
0
000501
0
000502
0
000503
0
000504
0
000505
0
000506
0
000507
0
000508
0
000509
0
000510
0
000511
0
000512
0
000513
0
000514
0
000515
0
000516
0
000517
0
000518
0
000519
0
000520
0
000521
0
000522
0
000523
0
000524
0
000525
0
000526
0
000527
0
000528
0
000529
0
000530
0
000531
0
000532
0
000533
0
000534
0
000535
0
000536
0
000537
0
000538
0
000539
0
000540
0
000541
0
000542
0
000543
0
000544
0
000545
0
000546
0
000547
0
000548
0
000549
0
000550
0
000551
0
000552
0
000553
0
000554
0
000555
0
000556
0
000557
0
000558
0
000559
0
000560
0
000561
0
000562
0
000563
0
000564
0
000565
0
000566
0
000567
0
000568
0
000569
6
000570
6
000571
6
000572
6
000573
6
000574
6
000575
6
000576
6
000577
6
000578
6
000579
6
000580
6
000581
6
000582
6
000583
6
000584
6
000585
6
000586
1
000587
1
000588
1
000589
1
000590
1
000591
1
000592
1
000593
1
000594
1
000595
1
000596
1
000597
1
000598
1
000599
1
000600
1
000601
1
000602
1
000603
1
000604
1
000605
1
000606
1
000607
1
000608
1
000609
1
000610
1
000611
1
000612
1
000613
3
000614
3
000615
3
000616
3
000617
3
000618
3
000619
3
000620
3
000621
4
000622
4
000623
4
000624
4
000625
4
000626
4
000627
4
000628
4
000629
4
000630
4
000631
4
000632
4
000633
4
000634
4
000635
4
000636
2
000637
2
000638
2
000639
2
000640
2
000641
2
000642
2
000643
2
000644
2
000645
2
000646
2
000647
2
000648
2
000649
2
000650
2
000651
2
000652
2
000653
2
000654
2
000655
2
000656
2
000657
2
000658
2
000659
2
000660
2
000661
2
000662
5
000663
5
000664
5
000665
5
000666
5
000667
5
000668
5
000669
5
000670
5
000671
5
000672
5
000673
5
000674
5
000675
5
000676
5
000677
5
000678
5
000679
5
000680
5
000681
5
000682
5
000683
5
000684
5
000685
5
000686
5
000687
0
000688
0
000689
0
000690
0
000691
0
000692
0
000693
0
000694
0
000695
0
000696
0
000697
0
000698
0
000699
0
000700
0
000701
0
000702
0
000703
0
000704
0
000705
0
000706
0
000707
0
000708
0
000709
0
000710
0
000711
0
000712
0
000713
0
000714
0
000715
0
000716
0
000717
0
000718
0
000719
0
000720
0
000721
0
000722
0
000723
0
000724
0
000725
0
000726
0
000727
0
000728
0
000729
0
000730
0
000731
0
000732
0
000733
0
000734
0
000735
0
000736
0
000737
0
000738
0
000739
0
000740
0
000741
1
000742
1
000743
1
000744
1
000745
1
000746
1
000747
1
000748
1
000749
1
000750
1
000751
1
000752
1
000753
1
000754
1
000755
1
000756
1
000757
1
000758
1
000759
1
000760
1
000761
1
000762
1
000763
1
000764
3
000765
3
000766
3
000767
3
000768
3
000769
3
000770
3
000771
3
000772
3
000773
3
000774
2
000775
2
000776
2
000777
2
000778
2
000779
2
000780
2
000781
2
000782
2
000783
2
000784
2
000785
2
000786
2
000787
2
000788
2
000789
2
000790
2
000791
2
000792
2
000793
2
000794
4
000795
4
000796
4
000797
4
000798
4
000799
4
000800
4
000801
4
000802
4
000803
4
000804
5
000805
5
000806
5
000807
5
000808
5
000809
5
000810
5
000811
5
000812
5
000813
5
000814
5
000815
5
000816
5
000817
5
000818
6
000819
6
000820
6
000821
6
000822
6
000823
6
000824
6
000825
6
000826
6
000827
6
000828
6
000829
6
000830
6
000831
6
000832
0
000833
0
000834
0
000835
0
000836
0
000837
0
000838
0
000839
0
000840
0
000841
0
000842
0
000843
0
000844
0
000845
0
000846
0
000847
0
000848
0
000849
0
000850
0
000851
0
000852
0
000853
0
000854
0
000855
0
000856
0
000857
0
000858
0
000859
0
000860
0
000861
0
000862
0
000863
0
000864
0
000865
0
000866
0
000867
0
000868
0
000869
0
000870
0
000871
0
000872
0
000873
0
000874
0
000875
0
000876
0
000877
0
000878
0
000879
0
000880
0
000881
0
000882
0
000883
0
000884
0
000885
0
000886
0
000887
0
000888
0
000889
0
000890
0
000891
0
000892
0
000893
0
000894
0
000895
0
000896
0
000897
0
000898
0
000899
0
000900
0
000901
0
000902
0
000903
0
000904
0
000905
0
000906
0
000907
0
000908
0
000909
0
000910
0
000911
0
000912
0
000913
0
000914
0
000915
0
000916
0
000917
0
000918
0
000919
0
000920
0
000921
0
000922
0
000923
0
000924
0
000925
0
000926
0
000927
0
000928
0
000929
0
000930
0
000931
0
000932
0
000933
0
000934
0
000935
0
000936
6
000937
6
000938
6
000939
6
000940
6
000941
6
000942
6
000943
6
000944
6
000945
6
000946
6
000947
6
000948
6
000949
6
000950
6
000951
6
000952
6
000953
6
000954
6
000955
6
000956
6
000957
6
000958
6
000959
6
000960
6
000961
6
000962
6
000963
6
000964
6
000965
6
000966
6
000967
6
000968
6
000969
6
000970
2
000971
2
000972
2
000973
2
000974
2
000975
2
000976
2
000977
2
000978
2
000979
2
000980
2
000981
2
000982
2
000983
2
000984
2
000985
2
000986
2
000987
2
000988
2
000989
2
000990
2
000991
2
000992
2
000993
2
000994
2
000995
2
000996
2
000997
2
000998 
2
000999
2
001000
2
001001
2
001002
2
001003
2
001004
2
001005
2
001006
2
001007
2
001008
2
001009
2
001010
2
001011
2
001012
2
001013
2
001014
2
001015
2
001016
2
001017
2
001018
1
001019
1
001020
1
001021
1
001022
1
001023
1
001024
1
001025
1
001026
1
001027
1
001028
1
001029
1
001030
1
001031
1
001032
1
001033
1
001034
1
001035
1
001036
1
001037
1
001038
1
001039
1
001040
1
001041
1
001042
1
001043
1
001044
1
001045
1
001046
1
001047
1
001048
1
001049
1
001050
1
001051
1
001052
1
001053
1
001054
1
001055
1
001056
1
001057
1
001058
1
001059
1
001060
1
001061
1
001062
3
001063
3
001064
3
001065
3
001066
3
001067
3
001068
3
001069
3
001070
3
001071
3
001072
3
001073
3
001074
3
001075
3
001076
4
001077
4
001078
4
001079
4
000180
4
001081
4
001082
4
001083
4
001084
4
001085
4
001086
4
001087
4
001088
4
001089
4
001090
4
001091
4
001092
4
001093
4
001094
4
001095
4
001096
4
001097
4
001098
4
001099
4
001100
5
001101
5
001102
5
001103
5
001104
5
001105
5
001106
5
001107
5
001108
5
001109
5
001110
5
001111
5
001112
5
001113
5
001114
5
001115
5
001116
5
001117
5
001118
5
001119
5
001120
5
001121
5
001122
5
001123
5
001124
5
001125
5
001126
5
001127
5
001128
5
001129
5
001130
5
001131
5
001132
5
001133
5
001134
5
001135
5
001136
5
001137
5