000001
2
000002
2
000003
2
000004
2
000005
2
000006
2
000007
2
000008
2
000009
0
000010
0
000011
0
000012
0
000013
0
000014
0
000015
0
000016
0
000017
1
000018
1
000019
1
000020
1
000021
1
000022
1
000023
1
000024
1
000025
1
000026
3
000027
3
000028
3
000029
3
000030
3
000031
3
000032
3
000033
3
000034
3
000035
3
000036
3
000037
3
000038
3
000054
4
000055
4
000056
4
000057
4
000058
4
000059
4
000060
4
000061
2
000062
4
000063
4
000064
4
000065
4
000066
4
000116
2
000117
2
000118
2
000119
2
000120
2
000121
2
000122
2
000123
2
000124
2
000125
2
000126
2
000127
2
000128
2
000129
0
000130
0
000131
0
000132
0
000133
0
000134
0
000135
0
000136
0
000137
0
000138
0
000139
0
000140
1
000141
1
000142
1
000143
1
000144
1
000145
1
000146
1
000147
1
000148
1
000149
1
000150
1
000151
1
000152
1
000153
3
000154
3
000155
3
000156
3
000157
3
000158
3
000159
3
000160
3
000161
3
000162
3
000163
3
000164
3
000165
3
000166
3
000185
4
000186
4
000187
4
000188
4
000189
4
000190
4
000191
4
000192
4
000193
4
000194
4
000195
4
000348
0
000349
0
000350
0
000351
0
000352
0
000353
0
000354
0
000355
0
000356
0
000357
0
000358
0
000393
3
000394
3
000395
3
000396
3
000397
3
000398
3
000399
3
000400
3
000401
3
000402
3
000403
3
000404
3
000405
2
000406
2
000407
2
000408
2
000409
2
000410
2
000411
2
000412
2
000413
2
000414
2
000415
2
000416
1
000417
1
000418
1
000419
1
000420
1
000421
1
000422
1
000423
1
000424
1
000425
1
000426
1
000427
1
000428
1
000446
4
000447
4
000448
4
000449
4
000450
4
000451
4
000452
4
000453
4
000454
4
000455
4
000456
4
000457
4
000478
0
000479
0
000480
0
000481
0
000482
0
000483
0
000484
0
000485
0
000486
0
000487
0
000488
0
000489
0
000490
0
000491
2
000492
2
000493
2
000494
2
000495
2
000496
2
000497
2
000498
2
000499
2
000500
2
000501
2
000502
2
000503
2
000504
2
000505
2
000506
2
000528
0
000529
0
000530
0
000531
0
000532
0
000533
0
000534
0
000535
0
000536
0
000537
0
000538
0
000539
0
000540
3
000541
3
000542
3
000543
3
000544
3
000545
3
000546
3
000547
3
000548
3
000549
3
000550
3
000551
3
000552
3
000553
3
000554
3
000555
1
000556
1
000557
1
000558
1
000559
1
000560
1
000561
1
000562
2
000563
2
000564
2
000565
2
000566
2
000567
2
000568
2
000600
4
000601
4
000602
4
000603
4
000604
4
000605
4
000606
4
000607
4
000608
4
000609
4
000610
4
000611
4
000612
4
000702
0
000703
0
000704
0
000705
0
000706
0
000707
0
000708
0
000709
0
000710
0
000711
3
000712
3
000713
3
000714
3
000175
3
000716
3
000717
3
000718
3
000719
3
000720
3
000721
3
000722
3
000723
1
000724
1
000725
1
000726
1
000727
1
000728
1
000729
1
000730
1
000731
1
000732
2
000733
2
000734
2
000735
2
000736
2
000737
2
000738
2
000739
2
000740
2
000753
4
000754
4
000755
4
000756
4
000757
4
000758
4
000759
4
000760
4
000761
4
000762
4
000763
4
000864
2
000865
2
000866
2
000867
2
000868
2
000869
2
000870
2
000871
2
000872
2
000873
2
000874
2
000875
2
000876
2
000877
2
000878
2
000879
2
000880
3
000881
3
000882
3
000883
3
000884
3
000885
3
000886
3
000887
3
000888
3
000889
3
000890
3
000891
3
000892
3
000893
3
000894
3
000895
3
000896
3
000897
3
000898
3
000899
3
000900
3
000901
3
000902
3
000903
3
000904
3
000905
3
000906
3
000907
3
000908
0
000909
0
000910
0
000911
0
000912
0
000913
0
000914
0
000915
0
000916
0
000917
0
000918
0
000919
0
000920
0
000921
0
000922
1
000923
1
000924
1
000925
1
000926
1
000927
1
000928
1
000929
1
000930
1
000931
1
000932
1
000933
1
000934
1
000935
1
001042
4
001043
4
001044
4
001045
4
001046
4
001047
4
001048
4
001049
4
001050
4
001051
4
001052
4
001053
4
001054
4
001055
4
001056
4
001057
4
001058
4
001059
4
001060
4
001061
4